20x50
00000000000000000000000000000000000000000000000000
00010100000000001011101101001000011111010100011100
00101000001100111000100111001000001001000111110010
01000111010110100010101110001001111001111111110110
00011101111000111010000010100101011011101100000000
01001101101011000110011001110111010001101001101100
00111010110110010011010001011011100011001110000110
00000110010110000101000001111000000100010100110000
00110011111010000000100010110101101010010000100100
00110010110100000100000110010011111010100001000010
00111001111010101100010101101011001111101110000000
00110000111010101100101001011001010000000000011110
01001010011000101000011100110100100011000011100110
01011010111100110111011010010010100001101010110110
00100010100001010100100000000110111000100001011000
00010011101100001011111000110000011110110100011010
00000110111111000010000000101110010111100110000100
01111101000000001111010100011011001011010001011110
00101110100011010010011001101010000011111110011100
00000000000000000000000000000000000000000000000000
