25x25 @ 0,0
0000001100011000000000000
0000001100101110000000000
0000000000100001000000000
0000001111011001000000000
0000001001010101100000000
0000000001010101000000000
0000000000110101000000000
0000000000000010000000000
0000000000000000000000000
1100000000000000000000000
0100000001100000000000000
0101000001100000000000000
0011000000000000000000000
0000000000000000000000000
0000000000000000000000000
0000000000000000000000000
0000000000000000000000000
0000000000000000000000000
0000000000000000000000000
0000000000001100000000000
0001100000001000000000000
0010100000000111000000000
0000100000000001000000000
0000000000000000000000000
0000000000000000000000000
